# lambda (nm), emission (U.A.)
3.000000000000000000e+02 3.837500000000000000e+03
3.010000000000000000e+02 3.905000000000000000e+03
3.020000000000000000e+02 3.937500000000000000e+03
3.030000000000000000e+02 3.997500000000000000e+03
3.040000000000000000e+02 4.100000000000000000e+03
3.050000000000000000e+02 4.325000000000000000e+03
3.060000000000000000e+02 4.395000000000000000e+03
3.070000000000000000e+02 4.497500000000000000e+03
3.080000000000000000e+02 4.625000000000000000e+03
3.090000000000000000e+02 4.835000000000000000e+03
3.100000000000000000e+02 4.957500000000000000e+03
3.110000000000000000e+02 5.442500000000000000e+03
3.120000000000000000e+02 5.525000000000000000e+03
3.130000000000000000e+02 6.310000000000000000e+03
3.140000000000000000e+02 6.390000000000000000e+03
3.150000000000000000e+02 7.202500000000000000e+03
3.160000000000000000e+02 7.870000000000000000e+03
3.170000000000000000e+02 8.430000000000000000e+03
3.180000000000000000e+02 9.615000000000000000e+03
3.190000000000000000e+02 1.072250000000000000e+04
3.200000000000000000e+02 1.177000000000000000e+04
3.210000000000000000e+02 1.348250000000000000e+04
3.220000000000000000e+02 1.508500000000000000e+04
3.230000000000000000e+02 1.751250000000000000e+04
3.240000000000000000e+02 1.992750000000000000e+04
3.250000000000000000e+02 2.243250000000000000e+04
3.260000000000000000e+02 2.546500000000000000e+04
3.270000000000000000e+02 2.932250000000000000e+04
3.280000000000000000e+02 3.324750000000000000e+04
3.290000000000000000e+02 3.815750000000000000e+04
3.300000000000000000e+02 4.412500000000000000e+04
3.310000000000000000e+02 4.884750000000000000e+04
3.320000000000000000e+02 5.598750000000000000e+04
3.330000000000000000e+02 6.347250000000000000e+04
3.340000000000000000e+02 7.195500000000000000e+04
3.350000000000000000e+02 8.178500000000000000e+04
3.360000000000000000e+02 9.303000000000000000e+04
3.370000000000000000e+02 1.044600000000000000e+05
3.380000000000000000e+02 1.162675000000000000e+05
3.390000000000000000e+02 1.300325000000000000e+05
3.400000000000000000e+02 1.468125000000000000e+05
3.410000000000000000e+02 1.639325000000000000e+05
3.420000000000000000e+02 1.846825000000000000e+05
3.430000000000000000e+02 2.064175000000000000e+05
3.440000000000000000e+02 2.259325000000000000e+05
3.450000000000000000e+02 2.518450000000000000e+05
3.460000000000000000e+02 2.795550000000000000e+05
3.470000000000000000e+02 3.089175000000000000e+05
3.480000000000000000e+02 3.393925000000000000e+05
3.490000000000000000e+02 3.759850000000000000e+05
3.500000000000000000e+02 4.133350000000000000e+05
3.510000000000000000e+02 4.530400000000000000e+05
3.520000000000000000e+02 4.992750000000000000e+05
3.530000000000000000e+02 5.428250000000000000e+05
3.540000000000000000e+02 5.923925000000000000e+05
3.550000000000000000e+02 6.481950000000000000e+05
3.560000000000000000e+02 7.012825000000000000e+05
3.570000000000000000e+02 7.555550000000000000e+05
3.580000000000000000e+02 8.194800000000000000e+05
3.590000000000000000e+02 8.814400000000000000e+05
3.600000000000000000e+02 9.449475000000000000e+05
3.610000000000000000e+02 1.020000000000000000e+06
3.620000000000000000e+02 1.090000000000000000e+06
3.630000000000000000e+02 1.160000000000000000e+06
3.640000000000000000e+02 1.240000000000000000e+06
3.650000000000000000e+02 1.310000000000000000e+06
3.660000000000000000e+02 1.390000000000000000e+06
3.670000000000000000e+02 1.480000000000000000e+06
3.680000000000000000e+02 1.560000000000000000e+06
3.690000000000000000e+02 1.640000000000000000e+06
3.700000000000000000e+02 1.730000000000000000e+06
3.710000000000000000e+02 1.820000000000000000e+06
3.720000000000000000e+02 1.910000000000000000e+06
3.730000000000000000e+02 2.000000000000000000e+06
3.740000000000000000e+02 2.090000000000000000e+06
3.750000000000000000e+02 2.180000000000000000e+06
3.760000000000000000e+02 2.270000000000000000e+06
3.770000000000000000e+02 2.360000000000000000e+06
3.780000000000000000e+02 2.460000000000000000e+06
3.790000000000000000e+02 2.560000000000000000e+06
3.800000000000000000e+02 2.640000000000000000e+06
3.810000000000000000e+02 2.750000000000000000e+06
3.820000000000000000e+02 2.850000000000000000e+06
3.830000000000000000e+02 2.930000000000000000e+06
3.840000000000000000e+02 3.040000000000000000e+06
3.850000000000000000e+02 3.140000000000000000e+06
3.860000000000000000e+02 3.240000000000000000e+06
3.870000000000000000e+02 3.340000000000000000e+06
3.880000000000000000e+02 3.430000000000000000e+06
3.890000000000000000e+02 3.540000000000000000e+06
3.900000000000000000e+02 3.640000000000000000e+06
3.910000000000000000e+02 3.720000000000000000e+06
3.920000000000000000e+02 3.810000000000000000e+06
3.930000000000000000e+02 3.890000000000000000e+06
3.940000000000000000e+02 3.960000000000000000e+06
3.950000000000000000e+02 4.040000000000000000e+06
3.960000000000000000e+02 4.110000000000000000e+06
3.970000000000000000e+02 4.180000000000000000e+06
3.980000000000000000e+02 4.230000000000000000e+06
3.990000000000000000e+02 4.290000000000000000e+06
4.000000000000000000e+02 4.340000000000000000e+06
4.010000000000000000e+02 4.390000000000000000e+06
4.020000000000000000e+02 4.430000000000000000e+06
4.030000000000000000e+02 4.480000000000000000e+06
4.040000000000000000e+02 4.520000000000000000e+06
4.050000000000000000e+02 4.560000000000000000e+06
4.060000000000000000e+02 4.600000000000000000e+06
4.070000000000000000e+02 4.630000000000000000e+06
4.080000000000000000e+02 4.660000000000000000e+06
4.090000000000000000e+02 4.680000000000000000e+06
4.100000000000000000e+02 4.700000000000000000e+06
4.110000000000000000e+02 4.720000000000000000e+06
4.120000000000000000e+02 4.740000000000000000e+06
4.130000000000000000e+02 4.750000000000000000e+06
4.140000000000000000e+02 4.760000000000000000e+06
4.150000000000000000e+02 4.760000000000000000e+06
4.160000000000000000e+02 4.760000000000000000e+06
4.170000000000000000e+02 4.770000000000000000e+06
4.180000000000000000e+02 4.750000000000000000e+06
4.190000000000000000e+02 4.750000000000000000e+06
4.200000000000000000e+02 4.740000000000000000e+06
4.210000000000000000e+02 4.720000000000000000e+06
4.220000000000000000e+02 4.710000000000000000e+06
4.230000000000000000e+02 4.680000000000000000e+06
4.240000000000000000e+02 4.650000000000000000e+06
4.250000000000000000e+02 4.620000000000000000e+06
4.260000000000000000e+02 4.590000000000000000e+06
4.270000000000000000e+02 4.550000000000000000e+06
4.280000000000000000e+02 4.520000000000000000e+06
4.290000000000000000e+02 4.480000000000000000e+06
4.300000000000000000e+02 4.450000000000000000e+06
4.310000000000000000e+02 4.410000000000000000e+06
4.320000000000000000e+02 4.350000000000000000e+06
4.330000000000000000e+02 4.310000000000000000e+06
4.340000000000000000e+02 4.260000000000000000e+06
4.350000000000000000e+02 4.200000000000000000e+06
4.360000000000000000e+02 4.150000000000000000e+06
4.370000000000000000e+02 4.100000000000000000e+06
4.380000000000000000e+02 4.040000000000000000e+06
4.390000000000000000e+02 3.990000000000000000e+06
4.400000000000000000e+02 3.930000000000000000e+06
4.410000000000000000e+02 3.880000000000000000e+06
4.420000000000000000e+02 3.800000000000000000e+06
4.430000000000000000e+02 3.740000000000000000e+06
4.440000000000000000e+02 3.680000000000000000e+06
4.450000000000000000e+02 3.620000000000000000e+06
4.460000000000000000e+02 3.560000000000000000e+06
4.470000000000000000e+02 3.490000000000000000e+06
4.480000000000000000e+02 3.420000000000000000e+06
4.490000000000000000e+02 3.360000000000000000e+06
4.500000000000000000e+02 3.300000000000000000e+06
4.510000000000000000e+02 3.230000000000000000e+06
4.520000000000000000e+02 3.170000000000000000e+06
4.530000000000000000e+02 3.100000000000000000e+06
4.540000000000000000e+02 3.050000000000000000e+06
4.550000000000000000e+02 2.980000000000000000e+06
4.560000000000000000e+02 2.930000000000000000e+06
4.570000000000000000e+02 2.860000000000000000e+06
4.580000000000000000e+02 2.780000000000000000e+06
4.590000000000000000e+02 2.720000000000000000e+06
4.600000000000000000e+02 2.650000000000000000e+06
4.610000000000000000e+02 2.570000000000000000e+06
4.620000000000000000e+02 2.510000000000000000e+06
4.630000000000000000e+02 2.440000000000000000e+06
4.640000000000000000e+02 2.370000000000000000e+06
4.650000000000000000e+02 2.300000000000000000e+06
4.660000000000000000e+02 2.240000000000000000e+06
4.670000000000000000e+02 2.170000000000000000e+06
4.680000000000000000e+02 2.110000000000000000e+06
4.690000000000000000e+02 2.060000000000000000e+06
4.700000000000000000e+02 2.000000000000000000e+06
4.710000000000000000e+02 1.950000000000000000e+06
4.720000000000000000e+02 1.890000000000000000e+06
4.730000000000000000e+02 1.850000000000000000e+06
4.740000000000000000e+02 1.800000000000000000e+06
4.750000000000000000e+02 1.760000000000000000e+06
4.760000000000000000e+02 1.710000000000000000e+06
4.770000000000000000e+02 1.670000000000000000e+06
4.780000000000000000e+02 1.630000000000000000e+06
4.790000000000000000e+02 1.590000000000000000e+06
4.800000000000000000e+02 1.560000000000000000e+06
4.810000000000000000e+02 1.520000000000000000e+06
4.820000000000000000e+02 1.480000000000000000e+06
4.830000000000000000e+02 1.450000000000000000e+06
4.840000000000000000e+02 1.420000000000000000e+06
4.850000000000000000e+02 1.390000000000000000e+06
4.860000000000000000e+02 1.360000000000000000e+06
4.870000000000000000e+02 1.330000000000000000e+06
4.880000000000000000e+02 1.310000000000000000e+06
4.890000000000000000e+02 1.280000000000000000e+06
4.900000000000000000e+02 1.250000000000000000e+06
4.910000000000000000e+02 1.230000000000000000e+06
4.920000000000000000e+02 1.200000000000000000e+06
4.930000000000000000e+02 1.180000000000000000e+06
4.940000000000000000e+02 1.150000000000000000e+06
4.950000000000000000e+02 1.130000000000000000e+06
4.960000000000000000e+02 1.110000000000000000e+06
4.970000000000000000e+02 1.080000000000000000e+06
4.980000000000000000e+02 1.060000000000000000e+06
4.990000000000000000e+02 1.040000000000000000e+06
5.000000000000000000e+02 1.020000000000000000e+06
5.010000000000000000e+02 9.977375000000000000e+05
5.020000000000000000e+02 9.817325000000000000e+05
5.030000000000000000e+02 9.607025000000000000e+05
5.040000000000000000e+02 9.397475000000000000e+05
5.050000000000000000e+02 9.215500000000000000e+05
5.060000000000000000e+02 9.017125000000000000e+05
5.070000000000000000e+02 8.799575000000000000e+05
5.080000000000000000e+02 8.668300000000000000e+05
5.090000000000000000e+02 8.424000000000000000e+05
5.100000000000000000e+02 8.274325000000000000e+05
5.110000000000000000e+02 8.120550000000000000e+05
5.120000000000000000e+02 7.904825000000000000e+05
5.130000000000000000e+02 7.752275000000000000e+05
5.140000000000000000e+02 7.567825000000000000e+05
5.150000000000000000e+02 7.389075000000000000e+05
5.160000000000000000e+02 7.205350000000000000e+05
5.170000000000000000e+02 7.026275000000000000e+05
5.180000000000000000e+02 6.872400000000000000e+05
5.190000000000000000e+02 6.723375000000000000e+05
5.200000000000000000e+02 6.537000000000000000e+05
5.210000000000000000e+02 6.385375000000000000e+05
5.220000000000000000e+02 6.219900000000000000e+05
5.230000000000000000e+02 6.072700000000000000e+05
5.240000000000000000e+02 5.908075000000000000e+05
5.250000000000000000e+02 5.725325000000000000e+05
5.260000000000000000e+02 5.601275000000000000e+05
5.270000000000000000e+02 5.453175000000000000e+05
5.280000000000000000e+02 5.313250000000000000e+05
5.290000000000000000e+02 5.177050000000000000e+05
5.300000000000000000e+02 5.020950000000000000e+05
5.310000000000000000e+02 4.883575000000000000e+05
5.320000000000000000e+02 4.784925000000000000e+05
5.330000000000000000e+02 4.675975000000000000e+05
5.340000000000000000e+02 4.537450000000000000e+05
5.350000000000000000e+02 4.407000000000000000e+05
5.360000000000000000e+02 4.275250000000000000e+05
5.370000000000000000e+02 4.178750000000000000e+05
5.380000000000000000e+02 4.053750000000000000e+05
5.390000000000000000e+02 3.973600000000000000e+05
5.400000000000000000e+02 3.856200000000000000e+05
5.410000000000000000e+02 3.757125000000000000e+05
5.420000000000000000e+02 3.653900000000000000e+05
5.430000000000000000e+02 3.566075000000000000e+05
5.440000000000000000e+02 3.459025000000000000e+05
5.450000000000000000e+02 3.390975000000000000e+05
5.460000000000000000e+02 3.295775000000000000e+05
5.470000000000000000e+02 3.211175000000000000e+05
5.480000000000000000e+02 3.110950000000000000e+05
5.490000000000000000e+02 3.022500000000000000e+05
5.500000000000000000e+02 2.969850000000000000e+05
5.510000000000000000e+02 2.883150000000000000e+05
5.520000000000000000e+02 2.806825000000000000e+05
5.530000000000000000e+02 2.728000000000000000e+05
5.540000000000000000e+02 2.659475000000000000e+05
5.550000000000000000e+02 2.609625000000000000e+05
5.560000000000000000e+02 2.529600000000000000e+05
5.570000000000000000e+02 2.468275000000000000e+05
5.580000000000000000e+02 2.404325000000000000e+05
5.590000000000000000e+02 2.349625000000000000e+05
5.600000000000000000e+02 2.286275000000000000e+05
5.610000000000000000e+02 2.228950000000000000e+05
5.620000000000000000e+02 2.161925000000000000e+05
5.630000000000000000e+02 2.108375000000000000e+05
5.640000000000000000e+02 2.061000000000000000e+05
5.650000000000000000e+02 2.015475000000000000e+05
5.660000000000000000e+02 1.960300000000000000e+05
5.670000000000000000e+02 1.913800000000000000e+05
5.680000000000000000e+02 1.850325000000000000e+05
5.690000000000000000e+02 1.822100000000000000e+05
5.700000000000000000e+02 1.789350000000000000e+05
5.710000000000000000e+02 1.726725000000000000e+05
5.720000000000000000e+02 1.687700000000000000e+05
5.730000000000000000e+02 1.651400000000000000e+05
5.740000000000000000e+02 1.603800000000000000e+05
5.750000000000000000e+02 1.585875000000000000e+05
5.760000000000000000e+02 1.528150000000000000e+05
5.770000000000000000e+02 1.490175000000000000e+05
5.780000000000000000e+02 1.458150000000000000e+05
5.790000000000000000e+02 1.427700000000000000e+05
5.800000000000000000e+02 1.392600000000000000e+05
5.810000000000000000e+02 1.360550000000000000e+05
5.820000000000000000e+02 1.327575000000000000e+05
5.830000000000000000e+02 1.293350000000000000e+05
5.840000000000000000e+02 1.267775000000000000e+05
5.850000000000000000e+02 1.250600000000000000e+05
5.860000000000000000e+02 1.201725000000000000e+05
5.870000000000000000e+02 1.192800000000000000e+05
5.880000000000000000e+02 1.165250000000000000e+05
5.890000000000000000e+02 1.139825000000000000e+05
5.900000000000000000e+02 1.114300000000000000e+05
5.910000000000000000e+02 1.091200000000000000e+05
5.920000000000000000e+02 1.069550000000000000e+05
5.930000000000000000e+02 1.048575000000000000e+05
5.940000000000000000e+02 1.015825000000000000e+05
5.950000000000000000e+02 1.006600000000000000e+05
5.960000000000000000e+02 9.926250000000000000e+04
5.970000000000000000e+02 9.706000000000000000e+04
5.980000000000000000e+02 9.539250000000000000e+04
5.990000000000000000e+02 9.285750000000000000e+04
6.000000000000000000e+02 9.098000000000000000e+04
6.010000000000000000e+02 8.995250000000000000e+04
6.020000000000000000e+02 8.797750000000000000e+04
6.030000000000000000e+02 8.639000000000000000e+04
6.040000000000000000e+02 8.496000000000000000e+04
6.050000000000000000e+02 8.358500000000000000e+04
6.060000000000000000e+02 8.103500000000000000e+04
6.070000000000000000e+02 8.095750000000000000e+04
6.080000000000000000e+02 7.897250000000000000e+04
6.090000000000000000e+02 7.861750000000000000e+04
6.100000000000000000e+02 7.636500000000000000e+04
6.110000000000000000e+02 7.574500000000000000e+04
6.120000000000000000e+02 7.411000000000000000e+04
6.130000000000000000e+02 7.399750000000000000e+04
6.140000000000000000e+02 7.248750000000000000e+04
6.150000000000000000e+02 7.111500000000000000e+04
6.160000000000000000e+02 6.988500000000000000e+04
6.170000000000000000e+02 7.016500000000000000e+04
6.180000000000000000e+02 6.802750000000000000e+04
6.190000000000000000e+02 6.826000000000000000e+04
6.200000000000000000e+02 6.717000000000000000e+04
6.210000000000000000e+02 6.629250000000000000e+04
6.220000000000000000e+02 6.661750000000000000e+04
6.230000000000000000e+02 6.591000000000000000e+04
6.240000000000000000e+02 6.555250000000000000e+04
6.250000000000000000e+02 6.533250000000000000e+04
6.260000000000000000e+02 6.472750000000000000e+04
6.270000000000000000e+02 6.524750000000000000e+04
6.280000000000000000e+02 6.394750000000000000e+04
6.290000000000000000e+02 6.394500000000000000e+04
6.300000000000000000e+02 6.471250000000000000e+04
6.310000000000000000e+02 6.375250000000000000e+04
6.320000000000000000e+02 6.422000000000000000e+04
6.330000000000000000e+02 6.436250000000000000e+04
6.340000000000000000e+02 6.475750000000000000e+04
6.350000000000000000e+02 6.467500000000000000e+04
6.360000000000000000e+02 6.458750000000000000e+04
6.370000000000000000e+02 6.491750000000000000e+04
6.380000000000000000e+02 6.526000000000000000e+04
6.390000000000000000e+02 6.472500000000000000e+04
6.400000000000000000e+02 6.608250000000000000e+04
6.410000000000000000e+02 6.637500000000000000e+04
6.420000000000000000e+02 6.714000000000000000e+04
6.430000000000000000e+02 6.740750000000000000e+04
6.440000000000000000e+02 6.732000000000000000e+04
6.450000000000000000e+02 6.844750000000000000e+04
6.460000000000000000e+02 7.045000000000000000e+04
6.470000000000000000e+02 7.045250000000000000e+04
6.480000000000000000e+02 7.146000000000000000e+04
6.490000000000000000e+02 7.283000000000000000e+04
6.500000000000000000e+02 7.413250000000000000e+04
6.510000000000000000e+02 7.556500000000000000e+04
6.520000000000000000e+02 7.821750000000000000e+04
6.530000000000000000e+02 7.883000000000000000e+04
6.540000000000000000e+02 8.173750000000000000e+04
6.550000000000000000e+02 8.472500000000000000e+04
6.560000000000000000e+02 8.633500000000000000e+04
6.570000000000000000e+02 8.885500000000000000e+04
6.580000000000000000e+02 9.033500000000000000e+04
6.590000000000000000e+02 9.154750000000000000e+04
6.600000000000000000e+02 9.536750000000000000e+04
6.610000000000000000e+02 9.698000000000000000e+04
6.620000000000000000e+02 9.952000000000000000e+04
6.630000000000000000e+02 1.020450000000000000e+05
6.640000000000000000e+02 1.035825000000000000e+05
6.650000000000000000e+02 1.063875000000000000e+05
6.660000000000000000e+02 1.085125000000000000e+05
6.670000000000000000e+02 1.112625000000000000e+05
6.680000000000000000e+02 1.141450000000000000e+05
6.690000000000000000e+02 1.147625000000000000e+05
6.700000000000000000e+02 1.181675000000000000e+05
6.710000000000000000e+02 1.211700000000000000e+05
6.720000000000000000e+02 1.232550000000000000e+05
6.730000000000000000e+02 1.242800000000000000e+05
6.740000000000000000e+02 1.276775000000000000e+05
6.750000000000000000e+02 1.287125000000000000e+05
6.760000000000000000e+02 1.312275000000000000e+05
6.770000000000000000e+02 1.334350000000000000e+05
6.780000000000000000e+02 1.359625000000000000e+05
6.790000000000000000e+02 1.396600000000000000e+05
6.800000000000000000e+02 1.405700000000000000e+05
6.810000000000000000e+02 1.417375000000000000e+05
6.820000000000000000e+02 1.428375000000000000e+05
6.830000000000000000e+02 1.467500000000000000e+05
6.840000000000000000e+02 1.471325000000000000e+05
6.850000000000000000e+02 1.508575000000000000e+05
6.860000000000000000e+02 1.510275000000000000e+05
6.870000000000000000e+02 1.532925000000000000e+05
6.880000000000000000e+02 1.549275000000000000e+05
6.890000000000000000e+02 1.584875000000000000e+05
6.900000000000000000e+02 1.589875000000000000e+05
6.910000000000000000e+02 1.603750000000000000e+05
6.920000000000000000e+02 1.634900000000000000e+05
6.930000000000000000e+02 1.656525000000000000e+05
6.940000000000000000e+02 1.673325000000000000e+05
6.950000000000000000e+02 1.665375000000000000e+05
6.960000000000000000e+02 1.677775000000000000e+05
6.970000000000000000e+02 1.670050000000000000e+05
6.980000000000000000e+02 1.673150000000000000e+05
6.990000000000000000e+02 1.677225000000000000e+05
7.000000000000000000e+02 1.684300000000000000e+05
7.010000000000000000e+02 1.672700000000000000e+05
7.020000000000000000e+02 1.695400000000000000e+05
7.030000000000000000e+02 1.680675000000000000e+05
7.040000000000000000e+02 1.694175000000000000e+05
7.050000000000000000e+02 1.696975000000000000e+05
7.060000000000000000e+02 1.700025000000000000e+05
7.070000000000000000e+02 1.722050000000000000e+05
7.080000000000000000e+02 1.711175000000000000e+05
7.090000000000000000e+02 1.709650000000000000e+05
7.100000000000000000e+02 1.741575000000000000e+05
7.110000000000000000e+02 1.734925000000000000e+05
7.120000000000000000e+02 1.734375000000000000e+05
7.130000000000000000e+02 1.750950000000000000e+05
7.140000000000000000e+02 1.744275000000000000e+05
7.150000000000000000e+02 1.751925000000000000e+05
7.160000000000000000e+02 1.756575000000000000e+05
7.170000000000000000e+02 1.751325000000000000e+05
7.180000000000000000e+02 1.746800000000000000e+05
7.190000000000000000e+02 1.754725000000000000e+05
7.200000000000000000e+02 1.761900000000000000e+05
7.210000000000000000e+02 1.755975000000000000e+05
7.220000000000000000e+02 1.759725000000000000e+05
7.230000000000000000e+02 1.765625000000000000e+05
7.240000000000000000e+02 1.770950000000000000e+05
7.250000000000000000e+02 1.768125000000000000e+05
7.260000000000000000e+02 1.748150000000000000e+05
7.270000000000000000e+02 1.765075000000000000e+05
7.280000000000000000e+02 1.759575000000000000e+05
7.290000000000000000e+02 1.754200000000000000e+05
7.300000000000000000e+02 1.756475000000000000e+05
7.310000000000000000e+02 1.748575000000000000e+05
7.320000000000000000e+02 1.768650000000000000e+05
7.330000000000000000e+02 1.761300000000000000e+05
7.340000000000000000e+02 1.754400000000000000e+05
7.350000000000000000e+02 1.767450000000000000e+05
7.360000000000000000e+02 1.755100000000000000e+05
7.370000000000000000e+02 1.751325000000000000e+05
7.380000000000000000e+02 1.750075000000000000e+05
7.390000000000000000e+02 1.749175000000000000e+05
7.400000000000000000e+02 1.747375000000000000e+05
7.410000000000000000e+02 1.746050000000000000e+05
7.420000000000000000e+02 1.735900000000000000e+05
7.430000000000000000e+02 1.747225000000000000e+05
7.440000000000000000e+02 1.739875000000000000e+05
7.450000000000000000e+02 1.740325000000000000e+05
7.460000000000000000e+02 1.729925000000000000e+05
7.470000000000000000e+02 1.736975000000000000e+05
7.480000000000000000e+02 1.739425000000000000e+05
7.490000000000000000e+02 1.717925000000000000e+05
7.500000000000000000e+02 1.723775000000000000e+05
7.510000000000000000e+02 1.711900000000000000e+05
7.520000000000000000e+02 1.713225000000000000e+05
7.530000000000000000e+02 1.704000000000000000e+05
7.540000000000000000e+02 1.704400000000000000e+05
7.550000000000000000e+02 1.696675000000000000e+05
7.560000000000000000e+02 1.697475000000000000e+05
7.570000000000000000e+02 1.670625000000000000e+05
7.580000000000000000e+02 1.685500000000000000e+05
7.590000000000000000e+02 1.681275000000000000e+05
7.600000000000000000e+02 1.661600000000000000e+05
7.610000000000000000e+02 1.661850000000000000e+05
7.620000000000000000e+02 1.657275000000000000e+05
7.630000000000000000e+02 1.648050000000000000e+05
7.640000000000000000e+02 1.646625000000000000e+05
7.650000000000000000e+02 1.641150000000000000e+05
7.660000000000000000e+02 1.632475000000000000e+05
7.670000000000000000e+02 1.615250000000000000e+05
7.680000000000000000e+02 1.611875000000000000e+05
7.690000000000000000e+02 1.601400000000000000e+05
7.700000000000000000e+02 1.586700000000000000e+05
7.710000000000000000e+02 1.585550000000000000e+05
7.720000000000000000e+02 1.573950000000000000e+05
7.730000000000000000e+02 1.571975000000000000e+05
7.740000000000000000e+02 1.535325000000000000e+05
7.750000000000000000e+02 1.542850000000000000e+05
7.760000000000000000e+02 1.530400000000000000e+05
7.770000000000000000e+02 1.528725000000000000e+05
7.780000000000000000e+02 1.502750000000000000e+05
7.790000000000000000e+02 1.497450000000000000e+05
7.800000000000000000e+02 1.489825000000000000e+05
7.810000000000000000e+02 1.477525000000000000e+05
7.820000000000000000e+02 1.459175000000000000e+05
7.830000000000000000e+02 1.453375000000000000e+05
7.840000000000000000e+02 1.433100000000000000e+05
7.850000000000000000e+02 1.423850000000000000e+05
7.860000000000000000e+02 1.407325000000000000e+05
7.870000000000000000e+02 1.398625000000000000e+05
7.880000000000000000e+02 1.366200000000000000e+05
7.890000000000000000e+02 1.366100000000000000e+05
7.900000000000000000e+02 1.343650000000000000e+05
7.910000000000000000e+02 1.322625000000000000e+05
7.920000000000000000e+02 1.320525000000000000e+05
7.930000000000000000e+02 1.314600000000000000e+05
7.940000000000000000e+02 1.286025000000000000e+05
7.950000000000000000e+02 1.272350000000000000e+05
7.960000000000000000e+02 1.257425000000000000e+05
7.970000000000000000e+02 1.250325000000000000e+05
7.980000000000000000e+02 1.240650000000000000e+05
7.990000000000000000e+02 1.210050000000000000e+05
8.000000000000000000e+02 1.199950000000000000e+05
8.010000000000000000e+02 1.185325000000000000e+05
8.020000000000000000e+02 1.172625000000000000e+05
8.030000000000000000e+02 1.148600000000000000e+05
8.040000000000000000e+02 1.133150000000000000e+05
8.050000000000000000e+02 1.118925000000000000e+05
8.060000000000000000e+02 1.107075000000000000e+05
8.070000000000000000e+02 1.093050000000000000e+05
8.080000000000000000e+02 1.069200000000000000e+05
8.090000000000000000e+02 1.061450000000000000e+05
8.100000000000000000e+02 1.042400000000000000e+05
8.110000000000000000e+02 1.033925000000000000e+05
8.120000000000000000e+02 1.005450000000000000e+05
8.130000000000000000e+02 9.947250000000000000e+04
8.140000000000000000e+02 9.909750000000000000e+04
8.150000000000000000e+02 9.757750000000000000e+04
8.160000000000000000e+02 9.554250000000000000e+04
8.170000000000000000e+02 9.385250000000000000e+04
8.180000000000000000e+02 9.172500000000000000e+04
8.190000000000000000e+02 9.068750000000000000e+04
8.200000000000000000e+02 8.954500000000000000e+04
8.210000000000000000e+02 8.870250000000000000e+04
8.220000000000000000e+02 8.561500000000000000e+04
8.230000000000000000e+02 8.548250000000000000e+04
8.240000000000000000e+02 8.371000000000000000e+04
8.250000000000000000e+02 8.225500000000000000e+04
8.260000000000000000e+02 8.056750000000000000e+04
8.270000000000000000e+02 7.862500000000000000e+04
8.280000000000000000e+02 7.727250000000000000e+04
8.290000000000000000e+02 7.605250000000000000e+04
8.300000000000000000e+02 7.536500000000000000e+04
8.310000000000000000e+02 7.235750000000000000e+04
8.320000000000000000e+02 7.179750000000000000e+04
8.330000000000000000e+02 7.160750000000000000e+04
8.340000000000000000e+02 6.969500000000000000e+04
8.350000000000000000e+02 6.761750000000000000e+04
8.360000000000000000e+02 6.655000000000000000e+04
8.370000000000000000e+02 6.552500000000000000e+04
8.380000000000000000e+02 6.387750000000000000e+04
8.390000000000000000e+02 6.315250000000000000e+04
8.400000000000000000e+02 6.258500000000000000e+04
8.410000000000000000e+02 5.966000000000000000e+04
8.420000000000000000e+02 5.936250000000000000e+04
8.430000000000000000e+02 5.835500000000000000e+04
8.440000000000000000e+02 5.630500000000000000e+04
8.450000000000000000e+02 5.578000000000000000e+04
8.460000000000000000e+02 5.480500000000000000e+04
8.470000000000000000e+02 5.330500000000000000e+04
8.480000000000000000e+02 5.241500000000000000e+04
8.490000000000000000e+02 5.101250000000000000e+04
8.500000000000000000e+02 5.064000000000000000e+04
8.510000000000000000e+02 4.868500000000000000e+04
8.520000000000000000e+02 4.824750000000000000e+04
8.530000000000000000e+02 4.743250000000000000e+04
8.540000000000000000e+02 4.592250000000000000e+04
8.550000000000000000e+02 4.532250000000000000e+04
8.560000000000000000e+02 4.340750000000000000e+04
8.570000000000000000e+02 4.283000000000000000e+04
8.580000000000000000e+02 4.276750000000000000e+04
8.590000000000000000e+02 4.106500000000000000e+04
8.600000000000000000e+02 4.058250000000000000e+04
8.610000000000000000e+02 3.919750000000000000e+04
8.620000000000000000e+02 3.806500000000000000e+04
8.630000000000000000e+02 3.756750000000000000e+04
8.640000000000000000e+02 3.662500000000000000e+04
8.650000000000000000e+02 3.571250000000000000e+04
8.660000000000000000e+02 3.452000000000000000e+04
8.670000000000000000e+02 3.448750000000000000e+04
8.680000000000000000e+02 3.299750000000000000e+04
8.690000000000000000e+02 3.146500000000000000e+04
8.700000000000000000e+02 3.064000000000000000e+04
8.710000000000000000e+02 3.069250000000000000e+04
8.720000000000000000e+02 2.943500000000000000e+04
8.730000000000000000e+02 2.836250000000000000e+04
8.740000000000000000e+02 2.772250000000000000e+04
8.750000000000000000e+02 2.698500000000000000e+04
8.760000000000000000e+02 2.628000000000000000e+04
8.770000000000000000e+02 2.532250000000000000e+04
8.780000000000000000e+02 2.450000000000000000e+04
8.790000000000000000e+02 2.353500000000000000e+04
8.800000000000000000e+02 2.253500000000000000e+04
8.810000000000000000e+02 2.168750000000000000e+04
8.820000000000000000e+02 2.110000000000000000e+04
8.830000000000000000e+02 2.021250000000000000e+04
8.840000000000000000e+02 1.952250000000000000e+04
8.850000000000000000e+02 1.892500000000000000e+04
8.860000000000000000e+02 1.823250000000000000e+04
8.870000000000000000e+02 1.734250000000000000e+04
8.880000000000000000e+02 1.719000000000000000e+04
8.890000000000000000e+02 1.590250000000000000e+04
8.900000000000000000e+02 1.536000000000000000e+04
8.910000000000000000e+02 1.508250000000000000e+04
8.920000000000000000e+02 1.419750000000000000e+04
8.930000000000000000e+02 1.385000000000000000e+04
8.940000000000000000e+02 1.347750000000000000e+04
8.950000000000000000e+02 1.297500000000000000e+04
8.960000000000000000e+02 1.279750000000000000e+04
8.970000000000000000e+02 1.191500000000000000e+04
8.980000000000000000e+02 1.163250000000000000e+04
8.990000000000000000e+02 1.119250000000000000e+04
9.000000000000000000e+02 1.064500000000000000e+04
